72
57
54
56
48
48
52
59
60
58
59
50
42
52
55
55
55
50
57
61
55
55
59
52
55
54
55
45
56
58
54
50
42
56
57
60
58
50
53
52
59
61
54
52
55
55
50
51
53
59
60
54
48
41
33
50
54
55
55
48
56
66
62
54
52
54
55
46
51
57
58
60
66
60
43
50
49
48
57
57
56
58
55
57
54
52
50
49
56
58
57
61
57
52
66
61
50
62
56
65
72
58
52
60
57
58
58
69
63
59
66
73
63
60
50
49
51
57
49
58
51
53
56
56
58
59
67
66
54
56
64
61
66
58
66
63
62
58
63
53
60
66
67
104
134
156
73
62
97
119
79
60
54
52
69
80
73
83
59
53
64
57
56
68
45
53
73
95
116
87
76
84
96
70
51
99
123
88
101
63
58
61
65
114
138
59
54
72
80
66
61
69
60
66
127
148
57
66
66
73
62
57
69
84
73
44
98
114
87
84
108
130
54
62
62
70
92
120
75
67
78
87
75
69
81
101
114
52
59
72
83
80
113
129
57
45
78
89
84
94
75
61
70
60
68
72
56
43
76
110
114
132
148
50
41
53
83
53
98
125
80
74
81
56
93
108
85
108
116
62
117
139
98
60
121
50
153
157
73
77
61
65
76
72
83
58
67
64
75
54
64
101
125
69
143
158
172
183
93
24
70
84
62
71
67
84
89
78
54
43
59
61
72
88
105
119
132
71
101
112
128
56
69
54
55
52
101
127
82
98
116
115
58
126
148
50
62
45
61
73
71
82
90
84
53
76
94
55
72
93
90
73
77
68
81
56
87
106
86
97
124
65
49
93
110
65
88
94
52
96
111
63
63
64
48
66
75
70
49
74
78
86
56
89
105
50
40
60
58
87
59
42
61
68
66
66
75
54
65
69
54
61
73
90
103
112
123
132
72
72
78
95
68
72
60
72
118
131
57
65
60
87
96
114
72
50
44
59
52
97
125
49
21
52
62
88
99
136
157
65
53
47
51
58
50
50
60
143
161
66
58
69
58
73
97
73
81
116
137
57
44
44
65
73
51
136
153
54
62
72
73
76
84
26
59
51
134
151
67
164
175
68
77
65
69
98
75
155
168
43
56
58
102
168
175
141
160
61
74
95
114
52
64
62
64
67
136
41
156
66
68
66
93
111
75
67
55
65
83
122
129
67
71
61
79
87
49
63
52
115
130
67
67
56
53
80
98
71
83
59
75
102
77
94
110
64
97
106
128
84
108
116
63
60
67
95
123
85
100
