75
58
55
45
58
62
54
56
55
56
57
61
56
57
55
51
55
54
45
48
58
57
54
58
59
56
55
38
49
49
52
49
50
54
47
49
51
52
56
56
53
42
46
50
57
55
58
56
52
56
55
49
50
45
49
55
51
57
59
59
51
50
39
57
54
49
55
53
50
54
39
52
57
57
49
55
54
51
55
50
59
45
45
60
66
64
54
58
55
50
48
51
59
60
61
60
57
58
57
52
49
57
59
61
51
61
62
58
50
59
61
54
50
53
54
61
58
66
58
77
64
49
55
38
50
64
66
60
46
55
57
63
47
55
59
59
55
73
63
50
52
60
64
65
57
34
48
46
60
66
66
73
0
0
0
0
0
0
0
0
0
0
0
0
0
0
0
0
0
0
0
0
0
0
0
0
0
0
0
0
0
0
0
0
0
0
0
0
0
0
0
0
0
0
0
0
0
0
0
0
0
0
0
0
0
0
0
0
0
0
0
0
0
0
0
0
0
0
0
0
0
0
0
0
0
0
0
0
0
0
0
0
0
0
0
0
0
0
0
0
0
0
0
0
0
0
0
0
0
0
0
0
0
0
0
0
0
77
0
0
37
39
44
48
41
54
47
0
38
40
37
29
35
55
55
45
39
49
55
49
46
34
0
0
43
48
51
41
0
0
22
73
0
38
41
58
51
44
38
52
55
78
7
0
0
0
0
0
0
0
0
0
0
0
0
0
